1000
5940
2975
2315
4004
1612
3739
4571
5697
204
535
3996
3556
1616
5028
3885
3054
4103
3191
548
2663
4976
3990
3516
6139
1057
6124
5558
5555
265
3681
6261
5848
150
3218
2799
515
1054
3082
2142
5403
4433
4416
4783
4631
6479
3331
1751
37
1122
2838
4883
1116
1374
2441
5770
1928
490
5192
3545
3770
223
1366
5735
2005
3572
5142
4366
754
901
3592
1235
507
3541
6300
3110
3290
6541
116
3242
3351
1189
3838
4921
2955
3889
5063
5533
6419
1550
3659
5716
4037
4236
992
4374
304
3433
1582
5640
3305
6215
3554
6149
2264
1407
4602
152
2349
847
1940
1269
3623
5657
270
3013
4196
2388
2912
1182
4792
4632
954
4502
2367
1947
6197
6016
2118
5709
2248
6000
2730
1036
878
2623
4595
3565
747
826
5061
148
5173
868
4304
1238
3673
3765
5628
5055
786
2052
67
3557
4565
2700
420
2421
401
4368
876
5695
5093
1235
4169
5055
1550
2381
3046
1676
187
4411
2233
5318
5311
1615
6450
6133
3161
3036
5383
5460
3720
5713
1469
4514
318
1560
4806
2102
2964
2163
5458
3317
5005
1426
2067
114
3184
3788
2435
3335
4221
1574
2094
583
1142
26
5003
5752
5461
3143
3305
527
1956
4669
4312
2802
4561
5346
2387
2322
3082
1712
2189
2366
2500
3078
1667
20
5821
2632
2414
4734
7
5026
3868
4821
3502
1321
6235
4401
907
3144
937
2341
4673
4572
4889
381
68
1631
1900
759
2905
3524
1276
972
1143
3295
5930
2352
1051
5691
6232
3917
4085
3655
1328
1192
1098
765
5267
3634
1703
4955
5234
758
2116
4177
4459
581
2179
1760
611
916
5781
3322
347
6376
3588
6240
4014
5173
5433
5619
4440
3056
3319
2975
5664
3503
1191
4817
6124
3971
5083
2987
3091
5100
3185
4406
3284
4008
6307
5385
1480
3483
4478
5989
5338
4179
6453
239
909
5365
3916
2446
3344
2751
2304
4898
4247
4894
1511
5257
2705
2814
926
1988
3122
37
1722
2971
1023
3708
1477
1898
5557
3594
3156
4917
3597
5844
4572
5403
4057
3314
4965
3356
5424
6186
4213
2607
5461
5861
3231
1768
882
5168
555
1902
6442
1061
4668
541
2214
1511
3679
5183
9
5946
4206
885
5017
2428
1360
2998
3997
4207
6076
1983
935
5272
86
5040
3594
1427
2273
4259
3503
2244
1574
3488
5088
2649
327
1794
1723
5948
3151
6050
2521
4103
5512
3806
4196
2123
1913
929
4999
2381
172
303
6207
3776
2831
5098
5830
1292
2294
4575
6027
2415
4977
2138
5404
3415
5378
1967
3893
2890
1322
2475
3354
1354
3534
3181
3883
1617
4508
2154
5247
3591
1953
4098
4573
3737
1600
816
3430
3645
5316
618
3584
573
3341
643
5474
5348
1406
2296
5196
805
4453
5453
745
5431
6298
2817
4766
4386
3838
3336
4097
5469
4260
4580
6538
5092
3228
879
2466
838
4504
2472
4482
567
3801
1140
2439
3989
4417
5001
4374
3837
6218
5029
4325
5664
5260
5116
3922
355
1182
5265
3711
1577
1339
4199
3261
1896
4642
3823
2075
678
5399
4011
2106
3848
4893
1801
1815
3657
3622
6064
2863
3713
5274
4528
2934
6015
5150
6028
1885
1881
2731
6433
3830
2511
3585
2722
3194
462
2327
6170
4530
3733
1773
5483
3081
243
4015
2090
1096
1271
2157
3451
1844
1297
4380
1005
6191
172
729
5647
2372
2371
660
2346
612
2603
5842
1855
3088
4820
1198
1322
712
4203
2025
1436
5683
5909
3938
4371
4528
4619
5026
4390
5408
6103
3590
5140
2573
5141
2993
1987
2946
5579
1263
2619
4526
3136
2744
618
6348
1165
4530
694
2162
2743
2614
3364
2598
1342
5041
1356
1236
622
1840
1750
3937
2619
4417
4069
4415
3282
3583
2914
1972
5497
754
2437
5152
3362
3833
4880
418
3364
4282
1004
1510
6361
801
5148
2930
526
4280
255
4535
4806
366
191
6096
5482
1450
6518
1362
361
2089
5867
3196
2428
4851
1974
2993
4540
1441
3279
6172
4752
2364
6442
5
3262
2778
3708
545
832
4151
5363
166
654
4322
4727
2716
4935
118
4250
2543
2184
1789
4455
285
4031
1587
4105
5858
2854
3104
337
3791
6458
3902
2410
127
3408
848
4592
1356
5972
6209
4687
115
5471
1412
2181
6164
4291
1768
5421
5672
4473
3330
2314
6176
744
2978
2287
4051
3919
3124
2448
3300
4052
6075
5102
2682
5741
2139
5734
2606
2388
372
541
3236
2675
6096
6035
3986
4713
5425
54
1386
3186
1349
41
1217
1897
5441
2836
1926
1262
1820
1814
1621
165
2147
2456
1806
4325
1085
6218
114
3563
4926
2992
3660
6169
1958
873
926
4947
3724
1567
6246
1360
1483
1505
1465
2241
5332
1133
4570
5709
2924
723
3964
2017
1409
2894
4563
5064
3589
6489
5403
2047
5180
3832
832
1242
5897
145
2102
4876
802
999
5789
2709
5791
5296
3530
2485
4377
3083
5379
4876
1334
677
3345
4263
539
5944
3387
5286
6239
5355
5365
6296
509
2401
4913
1258
6468
1134
2891
3498
2460
841
1676
549
1957
6421
171
3802
4722
4914
4245
5158
466
1824
145
170
1294
5200
4812
2580
3607
4627
651
3737
982
5626
3584
1552
3251
5798
2190
4116
5809
2080
5683
3873
1348
2947
2930
514
396
4191
12
4098
5367
1644
1531
4451
4164
2066
5711
933
2477
2588
4131
794
1745
3041
6148
2660
1277
17
2833
970
6488
2230
1923
2017
2897
6042
1453
4765
4084
3098
3941
5199
1065
854
6324
3669
5538
5083
4383
5038
5990
4128
282
5207
1248
3258
6262
533
4622
1368
4751
2583
3122
4133
2545
1451
2881
3695
4660
3658
3060
2448
4942
3490
3177
6093
2532
6177
3173
1306
4922
4545
4207
5970
3251
2417
5688
335
2323
5728
2036
852
855
786
2369
3192
789
2746
3242
1482
301
5010
5882
1066
989
2178
3777
3252
5446
3069
913
3118
2299
1992
2458
5349
234
240
4657
1931
5812
6037
4349
5290
2177
2962
2780
2263
4513
3585
1252
4149
671
6316
682
5104
5316
462
206
3242
5623
5788
4202
140
376
1052
4514
4184
680
216
779
2511
1321
5021
186
5885
4730
3870
5823
2279
1141
2192
1777
1647
5223
5163
5905
2971
491
6105
3941
4353
368
1054
1133
3704
6246
5244
5644
854
2485
2560
5581
2020
1293
5863
3175
3943
1641
1263
2751
1087
3203
1773
2185
3292
6383
5870
29
3985
2854
831
1165
5879
4369
737
527
5238
582
5781
1804
4256
2591
3407
765
1209
2537
549
5875
2646
4811
4964
5938
284
4821
1280
4354
717
5217
4308
1908
6020
5099
119
6006
3683
5047
87
3234
2765
6190
6000
1297
1398
2132
742
4015
794
1493
168
1351
488
1170
1975
20
1802
3691
6299
4819
3366
3675
2819
424
863
5655
1644
5254
1324
1846
4254
4449
1124
2123
5255
540
1931
957
6509
5652
3462
3236
6040
3859
751
5672
2653
4977
6398
5189
3702
4180
4158
5028
5254
2707
6305
807
3784
4548
2047
3191
1223
4376
3151
5308
4659
5293
4003
953
5735
3588
1174
5580
5940
4458
2177
2760
2626
64
3055
3111
3461
3847
1209
6319
4129
6484
3212
30
2089
6527
841
852
3492
4162
3002
5052
6501
2126
3030
1071
855
4486
1464
4199
1056
944
5581
3598
4556
6198
4024
3092
3916
5828
5105
2471
3750
2398
6484
1357
2522
1289
4449
4795
1434
3420
4266
4761
2578
4545
4116
6265
52
5025
419
2848
5232
5326
6194
4059
3114
5045
2520
3600
1002
5288
5020
4890
2698
3824
3516
2829
3198
2402
969
5352
3451
1305
3169
4889
4608
4916
247
3152
180
5924
1761
4821
2507
3793
1045
3115
2769
206
2216
316
784
5957
4284
2652
5135
3632
801
5459
861
5545
2490
5608
1447
478
1863
2109
2738
3056
6436
5998
339
446
874
6242
2463
5540
2571
1296
2748
6416
3904
590
565
1343
5398
2912
4786
6300
1814
1257
2609
466
5996
1228
4848
2548
748
3023
2274
3878
1786
6278
535
3810
5005
6252
6408
322
1683
2196
2108
4256
5105
1853
4896
5305
1860
44
6212
6166
3763
434
2210
1584
5241
1665
5692
654
2774
1896
3192
3858
4341
3458
1192
6518
781
2883
5903
3462
1618
229
5937
5818
2369
1424
3532
2285
6382
6431
5988
1394
6113
5929
2954
4830
4381
6314
2177
1464
5152
2296
1016
1873
5706
4112
6308
5686
5311
2854
3166
2074
3359
98
5773
126
3961
4748
2463
4144
4374
2690
3665
5678
752
4234
4506
6097
4913
5180
3898
1684
4181
2915
3524
5861
4018
4107
4246
4603
1666
2765
2694
3967
3551
4381
2246
5460
6492
2500
3195
405
5447
5665
4096
5225
1946
4576
551
1310
2532
6177
3298
6255
3057
1256
5843
1233
3946
399
4281
4490
2840
646
946
5596
2555
5856
245
218
2569
130
631
6430
2723
6362
2296
1964
1583
3908
3094
4274
2137
841
6295
3554
3391
4715
458
1709
4453
2016
3432
6248
3371
5671
2591
947
2210
5061
5945
5855
2006
383
5766
5197
2679
2545
3658
1677
5668
1902
1231
2076
46
4139
3754
631
3147
464
402
1083
1196
5864
5779
6296
4907
4264
4214
5680
3450
2351
758
5951
83
1112
5538
4224
1026
4425
1915
280
1200
214
5943
2123
2521
4728
5871
415
1941
3530
381
5722
5804
2896
4253
4281
4173
2862
980
1413
503
1943
166
4107
2696
1131
3815
106
5290
2874
5723
4117
4143
6301
5841
5253
1225
3868
855
1525
1600
1136
5384
4271
621
3779
3304
3865
4861
4253
2090
3264
3353
3112
1873
4358
803
4147
431
1078
2607
6245
6072
4238
3985
822
5848
5448
5044
1782
2753
1163
1675
5130
6447
203
4818
351
3180
5769
3039
2085
5592
4477
3531
2521
1696
5849
598
1185
5665
3007
5696
5988
1664
644
5162
2393
3566
344
5038
5861
5208
2195
4554
239
1655
4733
6143
1195
646
4772
1245
349
1562
5206
1145
5096
4417
1141
6273
4442
4780
2501
4873
6054
691
3221
6407
1021
4333
4398
1545
5744
468
2001
1149
3828
2796
980
4322
4337
5332
38
5891
1580
3703
3954
3198
4203
2141
1959
4921
1330
2621
480
5385
4301
878
4201
1053
2330
5872
6266
966
527
3324
3391
5098
2924
5164
2130
1437
3813
4323
5997
651
6157
6198
1554
3413
4046
5189
2946
2696
1344
6347
4093
269
2439
4652
1374
5414
6179
221
3804
668
802
3447
4575
472
5722
6266
5520
5022
3485
1671
4979
4264
6422
369
4159
2840
3870
1236
1967
5612
3875
6381
2729
6081
499
3518
72
4822
6292
829
3038
4772
3808
720
53
3763
3459
183
5522
1912
3976
2388
4751
4985
1853
5941
5080
2653
2294
1054
965
5866
5896
5744
4921
1407
2719
2668
2543
834
574
3759
322
2500
6032
2287
4817
1870
4677
1743
5464
624
5077
3252
4192
1367
3788
3995
2372
1758
527
3845
9
2846
2171
1292
2971
1474
2886
2701
1276
150
5688
5666
1414
2865
2456
1576
6281
2923
3022
3759
3173
6188
4246
2065
3839
3101
2506
1079
3426
4631
3360
4308
405
144
3497
1239
5979
3370
2525
5745
4663
3164
982
3846
3151
1077
2332
2435
2832
4431
3941
2780
3138
6180
781
97
1345
2044
1058
2930
562
768
570
799
2117
4845
2797
1677
2294
3487
5771
2858
1034
3970
473
2209
3430
1576
5801
297
5424
3200
681
5841
3300
226
5590
4713
3125
5755
4623
3059
1250
3407
3857
2509
8
4165
6064
2042
1165
4584
3921
4123
6140
4249
5015
1824
500
5530
5956
4396
1739
5413
3904
3553
4552
3161
5243
4112
2155
4040
3630
2714
1063
3957
6421
5335
4000
4168
888
2275
3396
6200
4823
1143
3748
6455
6180
4440
2067
3599
3629
139
6226
804
6517
3588
161
4336
5223