100
1044
6439
6182
1596
3384
5068
2606
4138
4067
5009
837
3785
4775
270
4039
2945
2564
4243
3606
592
6257
1297
6047
4579
1250
5541
5943
6502
4529
2798
3973
777
2655
2681
3534
1942
5984
5333
4823
376
4565
582
215
3264
2241
1809
4989
4371
142
5989
3348
6495
2505
4054
1652
1323
4983
6264
4726
2757
1055
3827
5
546
2751
4821
1564
6371
6361
13
3942
3940
4111
2857
4994
4986
5682
2508
1680
5498
5697
357
1315
3197
2172
3032
750
4363
4637
1036
639
3365
2053
5075
652
849
3748
1128
2096
3334
3079
1434
2590
2501
3539
1013
2407
975
1291
5645
517
2490
5164
6112
3751
1102
2152
921
2129
3272
6423
4846
1552
3318
1345
1330
4955
2333
5741
943
4701
4894
6495
97
1420
6168
4018
445
480
845
1793
2653
1778
4725
6034
4446
1462
5737
1599
409
6417
851
5462
4169
3718
4463
1838
231
2717
5345
2326
2365
729
2010
5939
1375
811
3217
3255
2198
1310
5102
6142
3043
2776
2281
6331
2735
5545
4306
3591
4846
111
2593
4433
1971
4512
5132
974
3726
1587
3660
4716
1347
5949
415
1325
3349
6321
4593